	16S-V1V2	16S-V4	COI-BF3BR2	ITS1a	ITS2	Unclassified	
EXPERIMENT_2_T_B01	658	2199	3	65	276	515	
EXPERIMENT_2_T_B02	11544	32803	17	2302	15164	8705	
EXPERIMENT_2_T_G01	7361	16082	116	1	5406	3625	
EXPERIMENT_2_T_G02	7681	17205	132	1	3085	3398	
EXPERIMENT_2_T_KE008_A01	3716	13905	1162	1073	810	3539	
EXPERIMENT_2_T_KE008_A02	5574	18492	1296	1217	1164	4108	
EXPERIMENT_2_T_KE008_A03	9055	30277	3128	1957	1926	7578	
EXPERIMENT_2_T_KE008_A04	3519	10802	2756	255	458	2928	
EXPERIMENT_2_T_KE008_A05	4418	14839	2895	1152	954	4145	
EXPERIMENT_2_T_KE008_A06	1085	5315	197	221	302	1194	
EXPERIMENT_2_T_KE008_A07	3966	12368	551	490	855	2969	
EXPERIMENT_2_T_KE008_A08	3356	11032	433	388	472	2588	
EXPERIMENT_2_T_KE008_A09	18300	45420	38	1408	3754	9610	
EXPERIMENT_2_T_KE008_A10	19812	49703	56	1953	3585	10330	
EXPERIMENT_2_T_KE008_B01	6005	30581	3684	3702	1797	7312	
EXPERIMENT_2_T_KE008_B02	2413	31868	4697	491	463	6281	
EXPERIMENT_2_T_KE008_B03	8134	33066	5090	2093	1492	7636	
EXPERIMENT_2_T_KE008_B04	10905	35289	4060	3797	2982	8339	
EXPERIMENT_2_T_KE008_B05	3693	14856	1420	3061	1492	3741	
EXPERIMENT_2_T_KE008_B06	2179	6241	1795	229	266	1839	
EXPERIMENT_2_T_KE008_B07	2043	6678	20	209	261	1361	
EXPERIMENT_2_T_KE008_B08	2160	6597	544	537	355	1560	
EXPERIMENT_2_T_KE008_B09	20788	53484	41	3567	2530	11348	
EXPERIMENT_2_T_KE008_B10	35535	90717	106	6506	6617	19259	
EXPERIMENT_2_T_KE008_C01	2255	7196	3360	295	315	2363	
EXPERIMENT_2_T_KE008_C02	3851	37778	5090	551	227	7386	
EXPERIMENT_2_T_KE008_C03	4075	14707	4779	476	454	4192	
EXPERIMENT_2_T_KE008_C04	8537	25540	1953	687	1315	5795	
EXPERIMENT_2_T_KE008_C05	1371	5604	1032	311	209	1441	
EXPERIMENT_2_T_KE008_C06	2618	13366	1520	734	1780	3236	
EXPERIMENT_2_T_KE008_C07	1135	3446	185	106	221	892	
EXPERIMENT_2_T_KE008_C08	1380	4517	799	547	1048	2080	
EXPERIMENT_2_T_KE008_C09	23448	62254	239	647	3406	11862	
EXPERIMENT_2_T_KE008_C10	26284	65251	282	844	3914	12263	
EXPERIMENT_2_T_L01	263	1121	2	45	74	289	
EXPERIMENT_2_T_L02	73	477	0	66	156	110	
EXPERIMENT_2_T_Neg_index1	0	0	0	0	0	0	
EXPERIMENT_2_T_Neg_index2	0	0	0	0	0	1	
EXPERIMENT_2_T_Neg_index3	0	0	0	0	0	1	
EXPERIMENT_2_T_Neg_PCR1	4875	17484	8	139	358	3396	
EXPERIMENT_2_T_Neg_PCR2	1213	3570	4	2845	6156	2170	
EXPERIMENT_2_T_PL010_A01	7544	22620	5144	1396	1788	6510	
EXPERIMENT_2_T_PL010_A02	3435	10433	6330	760	1501	4126	
EXPERIMENT_2_T_PL010_A03	1724	6575	3637	381	592	2384	
EXPERIMENT_2_T_PL010_A04	4296	13313	2883	536	1228	3632	
EXPERIMENT_2_T_PL010_A05	1081	3588	410	158	428	974	
EXPERIMENT_2_T_PL010_A06	581	1976	219	49	130	483	
EXPERIMENT_2_T_PL010_A07	959	3205	11	120	313	809	
EXPERIMENT_2_T_PL010_A08	811	2513	381	98	182	675	
EXPERIMENT_2_T_PL010_A09	10751	27264	21	301	1134	5781	
EXPERIMENT_2_T_PL010_A10	7719	19238	30	259	775	3795	
EXPERIMENT_2_T_PL010_B01	3478	10754	4563	506	536	3569	
EXPERIMENT_2_T_PL010_B02	4021	13318	6441	847	679	4542	
EXPERIMENT_2_T_PL010_B03	5323	14847	2896	511	1133	3778	
EXPERIMENT_2_T_PL010_B04	8542	23562	4405	644	2143	6048	
EXPERIMENT_2_T_PL010_B05	1955	6153	431	114	659	1643	
EXPERIMENT_2_T_PL010_B06	1758	6024	625	205	502	1405	
EXPERIMENT_2_T_PL010_B07	5390	15298	1532	564	847	3869	
EXPERIMENT_2_T_PL010_B08	1017	3040	131	115	163	700	
EXPERIMENT_2_T_PL010_B09	17241	45004	88	142	2192	9120	
EXPERIMENT_2_T_PL010_B10	25475	67150	102	184	5030	13464	
EXPERIMENT_2_T_PL010_C01	5836	17935	4454	477	1626	4807	
EXPERIMENT_2_T_PL010_C02	9528	32043	2437	610	2399	6941	
EXPERIMENT_2_T_PL010_C03	8539	23660	1934	229	1892	5690	
EXPERIMENT_2_T_PL010_C04	6257	18171	2565	353	2101	4538	
EXPERIMENT_2_T_PL010_C05	1521	5067	437	33	236	1112	
EXPERIMENT_2_T_PL010_C06	788	2341	369	105	235	626	
EXPERIMENT_2_T_PL010_C07	1805	5598	662	57	422	1501	
EXPERIMENT_2_T_PL010_C08	2148	6971	651	140	599	1896	
EXPERIMENT_2_T_PL010_C09	18410	54290	73	167	4857	11096	
EXPERIMENT_2_T_PL010_C10	0	0	0	0	0	2	
EXPERIMENT_2_T_PL015_A01	776	2761	4623	403	218	2035	
EXPERIMENT_2_T_PL015_A02	495	1657	1880	244	114	894	
EXPERIMENT_2_T_PL015_A03	1204	4126	2018	230	346	1346	
EXPERIMENT_2_T_PL015_A04	515	1719	958	113	57	619	
EXPERIMENT_2_T_PL015_A05	545	1937	441	140	164	558	
EXPERIMENT_2_T_PL015_A06	264	1053	401	30	33	328	
EXPERIMENT_2_T_PL015_A07	128	406	151	57	68	130	
EXPERIMENT_2_T_PL015_A08	150	591	261	19	36	185	
EXPERIMENT_2_T_PL015_A09	22411	72743	253	933	3614	13980	
EXPERIMENT_2_T_PL015_A10	17234	55834	116	1211	4791	10942	
EXPERIMENT_2_T_PL015_B01	3952	12446	12661	1582	875	7047	
EXPERIMENT_2_T_PL015_B02	4474	19293	7248	1428	1426	6343	
EXPERIMENT_2_T_PL015_B03	2098	6226	3314	380	594	2624	
EXPERIMENT_2_T_PL015_B04	1877	5973	2801	383	583	2209	
EXPERIMENT_2_T_PL015_B05	1236	3683	754	141	450	1171	
EXPERIMENT_2_T_PL015_B06	1933	6657	2652	215	300	2364	
EXPERIMENT_2_T_PL015_B07	2023	7369	1035	150	233	1835	
EXPERIMENT_2_T_PL015_B08	1319	5659	806	240	637	1417	
EXPERIMENT_2_T_PL015_B09	7660	24559	42	228	960	4578	
EXPERIMENT_2_T_PL015_B10	12305	40129	46	208	1113	7598	
EXPERIMENT_2_T_PL015_C01	2204	7641	2672	487	571	2776	
EXPERIMENT_2_T_PL015_C02	2760	9633	2322	684	1459	2917	
EXPERIMENT_2_T_PL015_C03	5753	17045	2140	670	1728	4407	
EXPERIMENT_2_T_PL015_C04	4772	13521	5458	859	876	4772	
EXPERIMENT_2_T_PL015_C05	2133	7433	475	352	489	1782	
EXPERIMENT_2_T_PL015_C06	1228	4762	414	196	123	1174	
EXPERIMENT_2_T_PL015_C07	1824	6309	674	451	896	1706	
EXPERIMENT_2_T_PL015_C08	1324	4615	203	122	517	1123	
EXPERIMENT_2_T_PL015_C09	6451	17317	21	31	1389	3717	
EXPERIMENT_2_T_PL015_C10	10029	27688	34	259	1872	5607	
EXPERIMENT_2_T_Q10_A10	23627	74176	125	890	3007	14423	
EXPERIMENT_2_T_Q11_B01	6087	22706	6652	1134	865	7275	
EXPERIMENT_2_T_Q12_B02	1056	3299	2152	289	130	1502	
EXPERIMENT_2_T_Q13_B03	12830	40627	2273	346	907	8733	
EXPERIMENT_2_T_Q14_B04	8005	28851	5452	975	878	7659	
EXPERIMENT_2_T_Q15_B05	2070	6982	333	534	1014	2104	
EXPERIMENT_2_T_Q16_B06	2979	9469	1563	358	505	2714	
EXPERIMENT_2_T_Q17_B07	581	2179	823	125	250	767	
EXPERIMENT_2_T_Q18_B08	785	3570	560	121	165	1028	
EXPERIMENT_2_T_Q19_B09	10414	32137	58	84	1901	6400	
EXPERIMENT_2_T_Q1_A01	1385	4840	3403	403	183	2152	
EXPERIMENT_2_T_Q20_B10	8320	25525	34	63	689	5232	
EXPERIMENT_2_T_Q21_C01	4815	16083	3515	962	1162	4439	
EXPERIMENT_2_T_Q22_C02	8466	27170	8312	1232	974	8436	
EXPERIMENT_2_T_Q23_C03	3246	9752	1436	530	714	2702	
EXPERIMENT_2_T_Q24_C04	3796	11579	1916	668	908	3156	
EXPERIMENT_2_T_Q25_C05	1882	7605	158	705	954	2045	
EXPERIMENT_2_T_Q26_C06	1004	4173	53	144	383	1109	
EXPERIMENT_2_T_Q27_C07	443	1911	1	109	127	518	
EXPERIMENT_2_T_Q28_C08	728	2693	890	232	158	1058	
EXPERIMENT_2_T_Q29_C09	32360	85969	186	394	4817	17411	
EXPERIMENT_2_T_Q2_A02	3113	10259	4833	824	495	3733	
EXPERIMENT_2_T_Q30_C10	24328	63559	111	481	1907	12724	
EXPERIMENT_2_T_Q31_B01	869	3812	6	138	218	957	
EXPERIMENT_2_T_Q32_B02	969	3841	10	230	273	1011	
EXPERIMENT_2_T_Q33_R01	13170	29110	39	6	78	5422	
EXPERIMENT_2_T_Q34_R02	13649	30717	44	6	87	5721	
EXPERIMENT_2_T_Q35_G01	7003	15963	13	1	3894	3502	
EXPERIMENT_2_T_Q36_G02	6746	14780	14	6	8636	4149	
EXPERIMENT_2_T_Q37_L01	1077	4167	5	125	368	1026	
EXPERIMENT_2_T_Q38_L02	4120	11751	24	622	1006	2877	
EXPERIMENT_2_T_Q39_Z01	6338	25090	12	819	4027	5791	
EXPERIMENT_2_T_Q3_A03	1580	5244	1042	655	346	1557	
EXPERIMENT_2_T_Q40_Z02	2904	9863	23	2031	2818	2915	
EXPERIMENT_2_T_Q4_A04	4730	17397	2888	1454	1178	4652	
EXPERIMENT_2_T_Q5_A05	331	1015	3	13	46	213	
EXPERIMENT_2_T_Q6_A06	1285	5289	972	403	408	1446	
EXPERIMENT_2_T_Q7_A07	512	2364	290	211	283	645	
EXPERIMENT_2_T_Q8_A08	2450	9153	1228	449	1001	2311	
EXPERIMENT_2_T_Q9_A09	26370	77913	180	690	3221	15803	
EXPERIMENT_2_T_R01	7183	14916	7	3	32	2521	
EXPERIMENT_2_T_R02	9291	19456	11	4	24	3356	
EXPERIMENT_2_T_Z01	1075	3255	3	116	148	787	
EXPERIMENT_2_T_Z02	1132	3991	1	385	719	941	
